34467 URWW Volgograd Observations at 00Z 22 Jun 2017

-----------------------------------------------------------------------------
   PRES   HGHT   TEMP   DWPT   RELH   MIXR   DRCT   SKNT   THTA   THTE   THTV
    hPa     m      C      C      %    g/kg    deg   knot     K      K      K 
-----------------------------------------------------------------------------
 1000.0     38                                                               
  988.0    145   17.4   14.2     81  10.40    270      6  291.6  321.2  293.4
  957.0    417   20.8   14.8     69  11.18    311     17  297.7  330.4  299.7
  950.0    480   20.5   13.1     63  10.08    320     19  298.0  327.6  299.8
  942.0    552   20.2   11.2     56   8.94    318     19  298.4  324.8  300.0
  925.0    708   19.0   11.0     60   8.98    315     19  298.7  325.3  300.4
  872.0   1214   16.4    8.4     59   7.99    277     14  301.1  325.1  302.6
  850.0   1431   14.6    7.6     63   7.76    260     12  301.4  324.7  302.8
  839.0   1539   13.8    7.0     64   7.56    255     12  301.7  324.4  303.1
  740.0   2577    5.8    1.6     75   5.84    270     27  304.0  321.9  305.0
  700.0   3036    2.2   -0.8     81   5.18    265     25  304.9  320.9  305.9
  690.0   3152    2.0   -1.2     79   5.11    263     25  305.9  321.8  306.9
  611.0   4122   -5.1   -8.5     77   3.31    250     22  308.6  319.2  309.2
  583.0   4487   -7.6  -11.1     76   2.83    245     21  309.8  319.0  310.3
  548.0   4969  -10.9  -14.5     75   2.28    273     21  311.4  319.0  311.9
  534.0   5168  -11.5  -19.1     54   1.60    285     21  313.0  318.5  313.3
  529.0   5240  -11.7  -20.7     47   1.40    284     22  313.6  318.4  313.9
  500.0   5670  -14.3  -22.3     51   1.29    280     29  315.5  320.0  315.8
  436.0   6691  -20.3  -26.3     59   1.03    259     30  320.5  324.2  320.7
  400.0   7320  -24.9  -31.9     52   0.66    245     31  322.5  325.0  322.7
  397.0   7373  -25.3  -32.3     52   0.64    245     31  322.7  325.1  322.8
  354.0   8178  -31.9  -39.0     50   0.37    260     33  324.5  325.9  324.6
  300.0   9340  -41.5  -48.5     47   0.16    245     31  326.8  327.4  326.8
  293.0   9499  -43.7  -50.7     46   0.12    246     32  325.9  326.4  325.9
  250.0  10550  -50.1  -58.1     38   0.06    250     39  331.4  331.7  331.5
  243.0  10735  -51.7  -59.7     38   0.05    249     40  331.8  332.0  331.8
  218.0  11436  -54.3  -63.3     32   0.04    245     45  338.2  338.4  338.2
  213.0  11585  -54.5  -63.5     32   0.04    246     45  340.1  340.3  340.1
  200.0  11990  -53.7  -62.7     32   0.04    250     47  347.6  347.8  347.6
  178.0  12739  -52.6  -63.2     26   0.04    240     45  361.1  361.4  361.2
  162.0  13345  -51.7  -63.7     22   0.04    251     39  372.5  372.7  372.5
  156.0  13588  -52.7  -64.7     22   0.04    255     37  374.9  375.1  374.9
  150.0  13840  -53.7  -65.7     22   0.04    255     41  377.3  377.5  377.4
  110.0  15844  -54.2  -70.0     13   0.03    235     49  411.4  411.6  411.4
  100.0  16460  -54.3  -71.3     11   0.03    245     45  422.5  422.7  422.5
   97.0  16655  -54.6  -71.8     10   0.02    245     43  425.5  425.7  425.6
   79.9  17893  -56.9  -74.9      9   0.02    249     34  445.2  445.3  445.2
   75.0  18298  -55.3  -74.2      8   0.02    250     31  456.7  456.8  456.7
   70.0  18740  -53.5  -73.5      7   0.03    255     21  469.6  469.8  469.6
   66.0  19116  -53.5  -73.7      7   0.03    260     12  477.6  477.8  477.6
   53.4  20470  -53.3  -74.3      6   0.03    195     10  507.8  508.0  507.8
   50.0  20890  -54.1  -75.1      6   0.03    175     10  515.5  515.8  515.5
   40.0  22327  -53.1  -75.0      5   0.04    105     10  552.0  552.3  552.0
   30.6  24052  -51.9  -74.9      5   0.05     77      8  599.1  599.6  599.2
   30.0  24180  -51.3  -74.3      5   0.05     75      8  604.2  604.6  604.2
   27.0  24874  -49.8  -73.0      5   0.07     60     12  626.9  627.5  626.9
   24.0  25649  -48.1  -71.7      5   0.10    100     14  653.2  654.1  653.3
   20.0  26850  -45.5  -69.5      5   0.16    100     16  696.1  697.7  696.2
   13.0  29770  -38.9  -64.6      5   0.50     90     16  810.0  815.5  810.3

