34467 URWW Volgograd Observations at 00Z 22 Dec 2017

-----------------------------------------------------------------------------
   PRES   HGHT   TEMP   DWPT   RELH   MIXR   DRCT   SKNT   THTA   THTE   THTV
    hPa     m      C      C      %    g/kg    deg   knot     K      K      K 
-----------------------------------------------------------------------------
 1008.0    145   -3.1   -3.9     94   2.85    230      4  269.4  277.3  269.9
 1000.0    204   -3.1   -3.1    100   3.06    250     10  270.1  278.4  270.6
  975.0    404   -2.7   -3.7     93   3.00    258     10  272.4  280.7  272.9
  925.0    819   -5.9   -9.5     76   2.02    275     12  273.3  279.0  273.6
  909.0    955   -6.9   -9.6     81   2.04    285     16  273.6  279.4  273.9
  885.0   1164   -8.5   -9.8     90   2.06    265     19  274.1  279.9  274.4
  850.0   1478   -6.7  -12.7     62   1.70    235     25  279.1  284.1  279.4
  835.0   1617   -6.1  -23.1     25   0.72    232     24  281.2  283.4  281.3
  796.0   1990   -7.2  -27.1     19   0.52    225     19  283.8  285.5  283.9
  743.0   2526   -8.9  -32.9     12   0.32    236     26  287.7  288.8  287.7
  700.0   2984  -12.9  -34.9     14   0.28    245     31  288.2  289.1  288.2
  684.0   3159  -14.3  -35.3     15   0.28    242     32  288.5  289.5  288.6
  629.0   3789  -17.7  -20.0     82   1.25    232     36  291.6  295.6  291.9
  572.0   4487  -21.6  -23.3     86   1.03    220     41  295.0  298.4  295.2
  519.0   5201  -25.7  -26.7     91   0.83    224     45  298.4  301.2  298.6
  500.0   5470  -27.1  -28.5     88   0.73    225     47  299.9  302.4  300.1
  400.0   7040  -38.7  -41.4     76   0.26    235     66  304.6  305.6  304.7
  383.0   7335  -41.3  -44.0     75   0.20    235     66  305.0  305.8  305.1
  359.0   7775  -45.1  -47.9     73   0.14    238     75  305.6  306.1  305.6
  301.0   8938  -52.1  -54.7     73   0.08    245     99  311.5  311.8  311.5
  300.0   8960  -52.3  -54.9     73   0.07    245     99  311.5  311.8  311.5
  287.0   9242  -56.9  -59.6     71   0.04    239    102  308.9  309.1  308.9
  277.0   9464  -59.2  -62.0     70   0.03    235    105  308.8  308.9  308.8
  268.0   9670  -61.3  -64.2     68   0.03    240     95  308.6  308.7  308.6
  250.0  10100  -61.3  -64.3     67   0.03    240     78  314.8  314.9  314.8
  223.0  10817  -60.0  -63.0     67   0.04    215     56  327.3  327.5  327.3
  200.0  11500  -58.7  -61.8     67   0.05    225     47  339.6  339.9  339.7
  195.0  11659  -58.3  -61.4     67   0.05    228     46  342.8  343.0  342.8
  150.0  13300  -59.9  -63.7     61   0.05    255     39  366.7  366.9  366.7
  111.0  15164  -61.5  -65.7     57   0.05    270     31  396.6  396.8  396.6
  100.0  15810  -62.1  -66.4     56   0.05    255     33  407.5  407.8  407.5
   97.0  15998  -62.2  -66.6     56   0.05    250     33  410.8  411.1  410.8
   85.0  16812  -62.8  -67.3     55   0.05    295     51  425.4  425.7  425.4
   70.0  18010  -63.7  -68.3     53   0.06    280     43  447.8  448.1  447.8
   69.6  18045  -63.7  -68.3     53   0.06    279     42  448.5  448.9  448.5
   65.0  18459  -64.3  -68.9     53   0.05    265     33  456.1  456.4  456.1
   50.0  20050  -66.5  -71.2     52   0.05    300     56  486.4  486.7  486.4
   45.0  20684  -68.0  -72.9     50   0.04    295     52  497.6  497.9  497.6

